R_eq=2000
p50_rel=272.37398509243803
p90_rel=83865.57516891381
p95_rel=155904.45537277719
p50_se=2.12495429298392e+18
p90_se=4.494908057214302e+25
p95_se=9.674117204340185e+25
p50_zero=1.0
p90_zero=1.0
p95_zero=1.0
