R_eq=2000
p50_rel=100.0
p90_rel=2.132941761098241e+47
p95_rel=4.6213738157128546e+47
p50_se=32672738557.337543
p90_se=1.7622146244472735e+45
p95_se=3.818131686302422e+45
p50_zero=1.0
p90_zero=1.0
p95_zero=1.0
