R_eq=2000
p50_rel=3204.918482022345
p90_rel=871956.1890017778
p95_rel=1835927.5074326906
p50_se=5.2049002653769945e+22
p90_se=2.844197387995906e+33
p95_se=6.162427522702384e+33
p50_zero=1.0
p90_zero=1.0
p95_zero=1.0
