R_eq=2000
p50_rel=100.0
p90_rel=1.5638968047178979e+32
p95_rel=3.388443076888769e+32
p50_se=4448310241760.002
p90_se=7.96141136491624e+30
p95_se=1.710053931770904e+31
p50_zero=1.0
p90_zero=1.0
p95_zero=1.0
