R_eq=4000
p50_rel=2.9490421552030316e+18
p90_rel=9.258515999183868e+60
p95_rel=1.7426319712364176e+61
p50_se=3.9136531588052423e+24
p90_se=8.835988932674698e+49
p95_se=1.7445484643284879e+50
p50_zero=1.0
p90_zero=1.0
p95_zero=1.0
